80 3 4
0.100224 -0.057640 -0.352610
1 -1 -1 -1
0.092128 -0.044530 -0.363260
1 -1 -1 -1
0.102125 0.028170 -0.336400
1 -1 -1 -1
0.090235 -0.036770 -0.310620
1 -1 -1 -1
0.098005 -0.020800 -0.314310
1 -1 -1 -1
0.096167 0.058960 -0.343510
1 -1 -1 -1
0.096203 0.013090 -0.339530
1 -1 -1 -1
0.100007 0.109180 -0.342680
1 -1 -1 -1
0.094257 -0.027810 -0.370680
1 -1 -1 -1
0.095924 -0.028520 -0.377510
1 -1 -1 -1
0.092147 -0.029540 -0.350340
1 -1 -1 -1
0.096274 0.093480 -0.314530
1 -1 -1 -1
0.098234 0.054710 -0.324900
1 -1 -1 -1
0.092084 -0.025390 -0.296560
1 -1 -1 -1
0.098031 0.052000 -0.323830
1 -1 -1 -1
0.098031 0.036080 -0.327860
1 -1 -1 -1
0.118086 0.032250 -0.298390
-1 1 -1 -1
0.108009 -0.011620 -0.295750
-1 1 -1 -1
0.114127 0.043310 -0.269580
-1 1 -1 -1
0.118233 0.028390 -0.251120
-1 1 -1 -1
0.118141 -0.010280 -0.265770
-1 1 -1 -1
0.116081 -0.007370 -0.268530
-1 1 -1 -1
0.120312 0.036770 -0.273270
-1 1 -1 -1
0.230182 -0.013430 -0.282180
-1 1 -1 -1
0.114129 0.069430 -0.272310
-1 1 -1 -1
0.112196 0.018040 -0.268990
-1 1 -1 -1
0.118227 0.060940 -0.277200
-1 1 -1 -1
0.110186 -0.001370 -0.286080
-1 1 -1 -1
0.108127 -0.000440 -0.279200
-1 1 -1 -1
0.113903 0.080590 -0.284890
-1 1 -1 -1
0.118307 0.070390 -0.296530
-1 1 -1 -1
0.108100 -0.000370 -0.276810
-1 1 -1 -1
0.112174 0.050240 -0.269090
-1 1 -1 -1
0.112174 0.014970 -0.293410
-1 1 -1 -1
0.154180 -0.029520 -0.203760
-1 -1 1 -1
0.142075 -0.024100 -0.212570
-1 -1 1 -1
0.150288 -0.000710 -0.187600
-1 -1 1 -1
0.149994 -0.000200 -0.214180
-1 -1 1 -1
0.148315 -0.008910 -0.204640
-1 -1 1 -1
0.150150 0.018020 -0.210450
-1 -1 1 -1
0.140200 -0.022920 -0.212180
-1 -1 1 -1
0.154204 -0.010620 -0.218700
-1 -1 1 -1
0.141944 -0.037720 -0.202640
-1 -1 1 -1
0.152204 -0.037600 -0.214940
-1 -1 1 -1
0.148279 -0.001860 -0.217990
-1 -1 1 -1
0.144175 -0.037330 -0.219750
-1 -1 1 -1
0.138187 -0.028660 -0.218630
-1 -1 1 -1
0.140045 -0.012960 -0.204170
-1 -1 1 -1
0.148059 0.004350 -0.213790
-1 -1 1 -1
0.142145 -0.022310 -0.215840
-1 -1 1 -1
0.140342 -0.019900 -0.210420
-1 -1 1 -1
0.142031 0.009620 -0.212160
-1 -1 1 -1
0.152341 0.000610 -0.210940
-1 -1 1 -1
0.132074 -0.027170 -0.235990
-1 -1 1 -1
0.138199 0.019850 -0.225610
-1 -1 1 -1
0.216177 -0.054960 -0.159080
-1 -1 -1 1
0.204073 -0.059550 -0.182810
-1 -1 -1 1
0.202381 -0.060060 -0.158890
-1 -1 -1 1
0.190160 -0.037450 -0.171970
-1 -1 -1 1
0.192181 -0.043920 -0.183500
-1 -1 -1 1
0.206155 -0.023730 -0.212870
-1 -1 -1 1
0.194264 -0.051710 -0.179080
-1 -1 -1 1
0.200154 -0.032100 -0.171660
-1 -1 -1 1
0.208309 -0.051170 -0.171170
-1 -1 -1 1
0.188185 -0.046780 -0.163110
-1 -1 -1 1
0.184252 -0.027120 -0.175930
-1 -1 -1 1
0.194087 -0.043970 -0.198120
-1 -1 -1 1
0.176214 -0.041160 -0.176880
-1 -1 -1 1
0.186136 -0.035670 -0.177950
-1 -1 -1 1
0.170213 -0.044120 -0.176370
-1 -1 -1 1
0.174283 -0.016020 -0.175440
-1 -1 -1 1
0.178202 -0.034570 -0.186650
-1 -1 -1 1
0.166053 -0.036330 -0.199540
-1 -1 -1 1
0.170225 0.000930 -0.186690
-1 -1 -1 1
0.178136 -0.020610 -0.186450
-1 -1 -1 1
0.166322 -0.030490 -0.173830
-1 -1 -1 1
0.170182 -0.002250 -0.179200
-1 -1 -1 1
0.166196 0.013210 -0.188260
-1 -1 -1 1
0.194080 -0.033720 -0.176590
-1 -1 -1 1
0.194080 -0.036550 -0.165160
-1 -1 -1 1
